37 J_liner_layer
10 20 0.001 1 0.2 0.99 0.001
-41.229 -25.9696 -61.929 -55.8951 -298.16 -207.651 -419.815 -232.323 -371.579 -362.237 -6.98472 
-24.7088 -16.2044 -37.9612 -33.8294 -181.537 -127.037 -256.033 -141.439 -227.02 -221.398 -4.03552 
-37.147 -23.4584 -55.7073 -51.1255 -270.775 -188.964 -381.445 -210.712 -337.767 -328.651 -5.73684 
-3.46037e+10 6.02257e+08 -3.63685e+10 -5.19757e+10 -8.67321e+10 -4.24834e+10 -8.85927e+10 -5.64702e+10 -1.11347e+11 -1.25608e+11 -1.84227e+09 
-3.6374e+09 6.33069e+07 -3.82292e+09 -5.46347e+09 -9.11693e+09 -4.46569e+09 -9.31251e+09 -5.93592e+09 -1.17044e+10 -1.32035e+10 -1.93652e+08 
-42.3796 -26.8465 -64.1105 -57.9092 -310.394 -215.962 -436.628 -241.374 -387.129 -376.64 -7.32077 
-1.69452e+09 -2.31005e+09 -3.14146e+09 -5.56303e+09 -6.60447e+09 -6.96117e+09 -9.00209e+09 -8.28124e+09 -9.57585e+09 -8.56817e+09 -1.91957e+08 
12607.9 -129980 -58283.1 -127609 -140768 -131814 -264030 -355242 -254753 -323218 -5101.17 
-27.2059 -17.2666 -41.826 -37.0218 -199.429 -139.033 -280.992 -155.794 -249.01 -243.036 -4.25697 
-1.20404e+07 209557 -1.26545e+07 -1.8085e+07 -3.01786e+07 -1.47822e+07 -3.0826e+07 -1.96489e+07 -3.87435e+07 -4.37057e+07 -641021 
-12.3547 -8.45654 -19.0818 -17.2367 -92.4812 -64.2611 -130.164 -72.4494 -115.607 -112.832 -2.39023 
-5.14323e+17 -1.03858e+18 -1.02934e+18 -1.34035e+18 -2.37877e+18 -4.34685e+18 -3.07582e+18 -3.31443e+18 -4.42694e+18 -3.91389e+18 -7.59293e+16 
-856631 268809 -650720 -261508 -582661 -1.25852e+06 -1.49143e+06 -1.08121e+06 -521042 -1.34409e+06 -24659 
-0.208155 -0.316644 0.316608 0.141359 0.28462 -0.153789 -0.518478 -0.435445 -0.552941 -0.279334 0.105896 
-39.232 -25.1438 -59.1149 -53.8446 -285.835 -199.405 -403.806 -222.92 -357.893 -348.068 -6.04128 
-3.33032 -1.62302 -4.92097 -4.92888 -23.8455 -16.9146 -33.0879 -18.4306 -29.4166 -28.7386 -0.339951 
-5401.77 -1871.71 -14383.9 -15280.3 -17008.4 -10374.9 -16092.2 -4556.04 -20146.3 -18155.3 -360.089 
-0.203868 0.299214 -0.208321 -0.487876 -0.00653456 -0.45377 -0.285872 -0.360903 0.00306345 -0.171349 -0.0173492 
-2.38666e+10 4.15384e+08 -2.50838e+10 -3.58482e+10 -5.98202e+10 -2.93013e+10 -6.11035e+10 -3.89482e+10 -7.67974e+10 -8.66336e+10 -1.27063e+09 
-15.842 -9.83023 -24.1966 -22.0487 -117.086 -82.0153 -165.657 -91.4 -146.332 -142.752 -2.83483 
