37 J_liner_layer
10 20 0.001 1 0.2 0.99 0.001
-12.8743 -17.5583 -16.3545 -13.8507 -12.7113 -21.9939 -31.6993 -41.961 -36.3839 -43.9928 -0.878465 
0.205 -0.355 -0.219 0.327 0.461 -0.009 0.495 0.442 0.327 -0.064 0.116 
-0.115195 0.095416 0.259483 -0.512732 -0.537601 -0.301466 -0.334431 0.0151852 -0.0837851 0.0674073 0.427727 
-0.279993 0.0960448 0.174002 -0.106164 -0.00743299 0.139938 -0.162484 -0.615507 -1.01622 -0.193409 -0.058922 
-0.604434 -0.477235 -1.212 -1.09835 -1.01719 -0.818946 -2.41848 -1.2248 -2.69557 -1.82624 0.0661212 
0.0466408 0.14398 0.161793 0.257103 -0.464221 0.358654 0.222093 0.24029 0.0277985 0.277052 -0.251029 
-0.132936 -0.346619 -0.237563 0.595866 0.0110699 -0.233672 -0.337453 0.778222 0.162636 0.682359 0.0258696 
-0.0547249 0.316256 0.377865 0.227587 -0.147022 -0.167758 -0.500675 -0.392155 -0.136327 0.0403115 0.0554901 
0.129058 0.123057 -0.415814 0.453991 0.256063 0.340092 0.466072 -0.123873 0.43112 -0.191846 0.298003 
5.19012 3.21649 6.26893 3.04465 8.33858 10.5488 9.00211 8.68445 11.1672 10.1721 0.0114898 
0.17819 0.0534767 0.581528 0.455036 0.605076 0.591777 0.850789 0.6731 1.02661 1.08288 -0.259647 
-1.65689 -1.41769 -1.11187 -1.74207 -1.40457 -1.7789 -2.72834 -3.89453 -3.89871 -4.15835 -0.557222 
0.467086 -0.207264 -0.343941 0.117602 -0.159275 0.232774 0.125035 0.0441382 -0.493663 -0.474369 0.343393 
-0.14329 -0.37885 0.463996 0.176977 0.460892 -0.120858 -0.370446 -0.344123 -0.493985 -0.225807 0.108501 
-2.30372 -2.42016 -2.64209 -2.72466 -2.88718 -2.34339 -6.0573 -3.76279 -7.13468 -6.05599 0.394137 
-0.00794274 0.459629 0.25408 -0.35451 0.118057 -0.086104 0.531467 0.206661 0.628207 0.368942 0.207239 
-0.231625 -0.168777 -0.375489 -0.199831 -0.367189 -0.517615 -0.175066 -0.697473 -0.641104 -0.589827 -0.315692 
-0.214164 0.32579 -0.130183 -0.476362 0.0833618 -0.482426 -0.169489 -0.31222 0.148353 -0.0332467 -0.0153901 
-30.6701 -54.2288 -78.8334 -69.8696 -70.9874 -86.1377 -77.1719 -101.446 -124.728 -127.112 -2.39908 
0.37519 0.165502 0.148949 0.177717 0.440285 0.263266 0.126226 0.361512 0.559976 0.317322 -0.149638 
