37 J_liner_layer
10 20 0.001 1 0.2 0.99 0.001
-2.11697 -1.7562 -2.14553 -1.64721 -2.15931 -2.0045 -2.75314 -2.48468 -4.09583 -4.63525 -0.267405 
0.205 -0.355 -0.219 0.327 0.461 -0.009 0.495 0.442 0.327 -0.064 0.116 
-0.0441072 0.182676 0.442209 -0.253141 -0.175948 -0.0261839 -0.00106725 0.288107 0.300062 0.565823 0.436748 
-0.469264 -0.45278 -0.184952 -0.700103 -0.348042 -0.288438 -0.963669 -1.3674 -2.80461 -0.695021 -0.075916 
15.042 30.7849 69.9289 31.9172 55.6282 58.9047 83.4031 65.6067 95.2662 70.55 1.54327 
0.0468626 0.143965 0.16198 0.256869 -0.463523 0.358872 0.222677 0.24086 0.0286502 0.277601 -0.251009 
-0.200953 -0.4266 -0.32212 0.381257 -0.229926 -0.348547 -0.453671 0.495531 -0.204165 0.175304 0.0194203 
-0.0421917 0.301462 0.381322 0.230938 -0.141741 -0.147321 -0.495541 -0.412054 -0.120855 0.0336324 0.0558114 
0.129 0.123 -0.416 0.454 0.256 0.34 0.466 -0.124 0.431 -0.192 0.298 
-0.820745 -3.87005 -1.51733 -4.93411 -6.57585 -5.96569 -5.73874 -7.22945 -8.58403 -8.83747 -0.35572 
0.332802 -0.384741 0.139313 0.158164 0.204081 0.429898 0.477484 -0.193598 0.173439 -0.113492 -0.275993 
-0.439934 0.356154 0.560629 -0.290361 -0.201206 0.482209 0.348692 0.365079 -0.191716 0.243461 -0.488799 
0.486288 -0.210107 -0.338904 0.136254 -0.144978 0.267096 0.155589 0.074083 -0.468543 -0.447788 0.344007 
-0.150053 -0.349577 0.441829 0.22465 0.467427 -0.0692223 -0.392521 -0.308509 -0.492204 -0.160979 0.109023 
-0.20295 -0.117523 -0.214835 -0.334026 0.0142497 -0.151804 -0.872419 -0.346145 -1.12131 -0.903505 0.47223 
-0.0886042 0.459933 -0.101299 -0.646987 -0.275569 -0.586143 0.243606 -0.221895 -0.00963394 -0.206377 0.196527 
0.314547 0.335377 0.488755 0.939526 0.67864 0.903483 1.38104 0.359469 1.56963 1.26226 -0.283331 
-0.200519 0.322696 -0.137729 -0.48398 0.0821445 -0.489925 -0.169557 -0.314586 0.13378 -0.032743 -0.0154579 
-0.68107 -0.884701 -1.04396 -0.897652 -2.11917 -1.29829 -1.26942 -1.81662 -3.15695 -2.79402 -0.455783 
0.228172 0.392937 0.147468 -0.0187439 0.306355 -0.0816153 -0.192964 0.114436 0.310719 0.0105119 -0.157063 
