37 J_liner_layer
10 20 0.001 1 0.2 0.99 0.001
-1.16478 -2.33372 -3.46178 -4.05618 -1.62063 -5.80783 -5.62194 -7.29551 -5.02934 -7.91081 -0.330959 
0.205 -0.355 -0.219 0.327 0.461 -0.009 0.495 0.442 0.327 -0.064 0.116 
2.66612 2.00707 1.85157 3.91061 6.58716 3.08423 5.16283 2.98259 5.76312 5.06808 0.536633 
-1.65481 0.205517 -1.94741 -1.43321 -0.839225 -2.63829 -5.66615 -5.25372 -7.95722 -3.89305 -0.17037 
0.432361 1.00223 0.333117 0.462947 1.29207 0.969547 0.625404 0.996632 0.772173 1.58531 0.117248 
0.046653 0.143884 0.161483 0.256603 -0.465547 0.358359 0.221585 0.239636 0.0263324 0.276495 -0.251046 
-5.28759 4.67986 -4.3487 4.4401 -4.16488 3.83784 -4.82683 3.10353 -4.6145 3.48731 -0.0162448 
-0.0781688 0.331388 0.359774 0.230814 -0.222356 -0.15322 -0.572139 -0.391999 -0.182403 0.0272608 0.0537714 
-0.0180288 0.0102473 -0.735572 0.388781 -0.104207 0.210994 0.0569356 -0.454882 -0.0962138 -0.708291 0.288241 
3.29095 4.52446 3.22933 6.36704 9.35715 15.2365 6.4758 12.9008 16.3514 17.2692 0.12836 
0.456218 -0.266576 0.219383 0.306017 0.237752 0.535168 0.582907 -0.155506 0.270044 0.00586168 -0.274186 
-0.376141 0.640085 0.73757 -0.0928457 0.0224131 0.788966 0.572119 0.847361 0.353532 0.649087 -0.47984 
2.93541 -3.05966 2.97673 -3.39342 3.74353 -3.07387 3.38485 -3.23637 3.63275 -3.52109 0.263473 
-0.152148 -0.356624 0.456229 0.221382 0.458953 -0.0622306 -0.391002 -0.303689 -0.493313 -0.173383 0.109026 
11.6134 1.32293 19.1221 19.9661 23.0834 15.2276 17.9456 33.1179 36.7352 30.9492 1.04322 
0.0360272 0.473171 0.117763 -0.120863 0.345637 0.146604 0.793336 0.411911 0.666651 0.615648 0.211602 
-0.134252 -0.169921 0.0513056 -0.0462558 0.00568404 -0.0672851 0.0142069 -0.498986 -0.0121863 -0.242434 -0.306765 
-0.21331 0.308742 -0.136282 -0.479342 0.0757019 -0.488016 -0.182709 -0.317001 0.131985 -0.0563081 -0.0157066 
-0.102118 0.254989 -0.211698 0.555636 0.381265 0.769977 0.762103 0.630422 0.162733 0.418526 -0.398262 
0.250344 0.426563 0.168276 -0.034464 0.316245 -0.0619343 -0.149964 0.168571 0.349962 0.0371195 -0.156711 
