37 J_liner_layer
10 20 0.001 1 0.2 0.99 0.001
-0.53352 -0.0981437 -0.223623 -0.0535729 -0.480204 0.113814 -0.165618 -0.328238 0.195391 -0.21388 -0.19492 
0.205 -0.355 -0.219 0.327 0.461 -0.009 0.495 0.442 0.327 -0.064 0.116 
-0.088816 0.137013 0.426598 -0.278045 -0.152666 -0.0718146 -0.0225322 0.234942 0.26425 0.476363 0.435783 
-0.370201 0.0550974 -0.291446 -0.815287 -0.984063 -1.02253 -0.829954 -0.986569 -1.8096 -1.39825 -0.0813469 
12.5289 7.34415 12.524 14.1356 19.586 13.9499 17.3843 18.0536 27.9316 19.28 0.477283 
0.047 0.144 0.162 0.257 -0.463 0.359 0.223 0.241 0.029 0.278 -0.251 
-11.6587 -0.169965 -28.8391 -48.1802 -37.7374 -27.1595 -42.8718 -74.2437 -52.9719 -74.5018 -1.17006 
-0.992805 -4.21342 -4.85846 -5.36441 -2.57963 -4.02388 -3.99154 -3.94467 -5.77293 -7.48839 -0.0738348 
0.129 0.123 -0.416 0.454 0.256 0.34 0.466 -0.124 0.431 -0.192 0.298 
0.301774 -0.157235 0.0163687 -0.354973 -0.0813358 -0.0774604 -0.513402 -0.65528 0.0799718 -0.282691 -0.202539 
0.505675 0.046483 0.213047 0.445237 0.30161 0.648088 0.697405 0.553911 0.865228 0.593917 -0.262567 
-1.6094 0.616667 -7.90034 -6.95115 -6.32567 -5.591 -10.3051 -9.34666 -9.59588 -9.73269 -0.674872 
0.195853 -0.254327 -0.579978 -0.0713818 -0.361405 -0.164686 -0.400945 -0.316197 -0.857101 -0.698396 0.336453 
0.0435156 -0.578575 -0.42252 -0.269932 -0.00851687 -0.513375 -1.04247 -0.552024 -0.890078 -0.727758 0.0933597 
-0.110914 -0.284882 -0.0387081 -0.32781 0.0856723 -0.115181 -0.644835 -0.27571 -0.777267 -0.516495 0.477886 
-1.13484 0.805397 -0.78573 -1.80865 -0.881663 -2.83576 -1.34324 -2.58866 -2.87433 -2.56829 0.146863 
-253.226 -273.509 -179.624 -551.307 -295.454 -258.566 -533.15 -331.163 -772.123 -740.878 -10.7922 
-0.720377 0.158466 -1.07003 -1.02767 -0.22249 -1.29126 -0.969755 -1.40033 -0.449835 -0.829803 -0.0300056 
-0.801468 0.426405 -1.43839 -0.0176661 -1.42479 -0.425781 -0.703469 -1.39218 -2.03133 -2.55864 -0.445426 
0.228052 0.393421 0.147475 -0.0174891 0.307149 -0.0801425 -0.191552 0.115437 0.311348 0.011853 -0.157042 
