37 J_liner_layer
10 20 0.001 1 0.2 0.99 0.001
670.141 93.0459 1013.42 948.784 1298.9 729.926 2069.29 1947.07 2576.48 2252.89 36.9276 
0.205 -0.355 -0.219 0.327 0.461 -0.009 0.495 0.442 0.327 -0.064 0.116 
0.273 0.259419 0.701065 0.317561 0.955663 0.683285 0.698731 0.990166 1.07175 0.814668 0.454128 
-0.153595 0.247516 0.1334 -0.0663352 0.138022 0.126243 -0.0800342 -0.57493 -0.974108 0.0236892 -0.0565442 
-641.905 -88.8132 -970.702 -908.64 -1243.86 -698.535 -1981.75 -1864.27 -2466.82 -2156.84 -35.4416 
1.04465 0.830098 1.81073 1.29598 1.2993 2.16238 2.21402 2.35191 2.46913 2.7287 -0.207759 
-4.03392 -0.555715 -2.30314 -8.05443 -11.3019 -6.73355 -5.41653 -12.3196 -9.6074 -11.3873 -0.22286 
-0.105058 0.261159 0.266709 0.123983 -0.259108 -0.207334 -0.585532 -0.419928 -0.27407 -0.100812 0.0532504 
0.129 0.122999 -0.416008 0.453999 0.255997 0.339995 0.465996 -0.124009 0.430994 -0.192009 0.298 
49.7273 6.77949 74.6159 69.5504 95.5194 53.6648 151.694 142.685 189.744 165.612 2.53089 
0.366628 -0.341644 0.220204 0.224514 0.35596 0.600873 0.564288 -0.0860524 0.305118 -0.0432427 -0.274135 
-2.26954 0.393323 -2.50966 -3.04848 -4.0113 -4.20163 -4.90657 -4.33758 -6.16237 -6.85733 -0.600861 
-2.56595 -0.308099 -1.86677 -2.13251 -2.45468 -1.14551 -3.00731 -2.57003 -3.41779 -1.82408 0.282436 
-0.498029 -0.921186 -3.10938 -1.63065 -4.87672 -2.51054 -3.57738 -1.92866 -4.6138 -5.67318 0.0225668 
0.940521 -0.231287 -0.0996122 1.57059 1.53724 -0.158317 2.33502 2.02833 3.93637 3.15826 0.55431 
-1.32578 0.555089 -0.736791 -1.88696 -2.2098 -2.28274 -1.33646 -1.87389 -2.00405 -1.71553 0.15675 
0.641598 -2.3586 3.48822 -1.00671 11.3803 5.90095 7.59026 4.37519 9.84858 5.81219 -0.139075 
-0.408745 -0.0429457 -0.58392 -0.452594 -0.720432 -0.580973 -0.973129 -0.54032 -0.695237 -1.08749 -0.0320815 
9.71457 2.78246 18.4534 7.23746 22.8505 8.61991 27.9964 19.0725 24.8814 29.792 0.0688542 
0.0814275 0.603386 -0.210956 -0.435894 -0.1931 -0.488531 -1.01929 -0.53378 -0.26163 -0.782955 -0.173011 
