37 J_liner_layer
10 20 0.001 1 0.2 0.99 0.001
-3.94415 -206.218 -41.2076 -198.947 -189.348 -275.293 -245.476 -428.252 -371.523 -340.951 -6.48056 
-1.83359 -120.96 -24.2257 -116.044 -110.102 -161.169 -143.08 -249.975 -217.261 -199.478 -3.56299 
-3.53357 -202.497 -39.9262 -195.835 -185.94 -270.846 -241.267 -420.452 -365.301 -334.594 -5.74523 
-1.75738e+10 -6.00384e+10 -1.21203e+11 -3.3725e+10 -1.34222e+11 -1.24827e+11 -1.73194e+11 -1.43507e+11 -2.46373e+11 -2.07939e+11 -3.54627e+09 
-1.48338e+10 -5.06776e+10 -1.02305e+11 -2.84668e+10 -1.13295e+11 -1.05365e+11 -1.46191e+11 -1.21133e+11 -2.0796e+11 -1.75518e+11 -2.99336e+09 
-3.9844 -238.358 -47.3123 -229.872 -219.106 -318.341 -283.703 -494.969 -430.26 -394.071 -7.52637 
6.97312e+12 -8.99392e+11 -9.31141e+12 -9.81739e+12 -1.19503e+13 -1.26109e+13 -7.86203e+12 -2.87234e+13 -2.81674e+13 -2.75623e+13 -3.99104e+11 
-5.97355e+09 -2.81446e+09 -1.24242e+10 -7.44039e+09 -7.25846e+09 -2.15187e+09 -3.54447e+09 -8.06212e+09 -1.28853e+10 -1.34813e+10 -2.95152e+08 
-2.12701 -133.345 -26.983 -128.328 -122.099 -178.008 -158.421 -277.248 -240.363 -220.873 -3.77336 
-8.66604e+06 -2.96063e+07 -5.97677e+07 -1.66306e+07 -6.6188e+07 -6.15551e+07 -8.5406e+07 -7.07667e+07 -1.21492e+08 -1.02539e+08 -1.74875e+06 
-0.388284 -43.0569 -8.35493 -41.0158 -38.9149 -56.5907 -50.322 -88.7953 -76.8127 -70.6696 -1.57768 
-2.2028e+24 -2.63302e+24 -3.85193e+24 -8.35238e+24 -5.63224e+24 -7.1773e+24 -7.46451e+24 -1.19345e+25 -1.22135e+25 -1.18786e+25 -1.9407e+23 
-3.39062e+22 -2.32773e+23 -1.43832e+24 -9.65358e+23 -4.90289e+23 -1.32227e+24 -2.13494e+24 -1.63527e+24 -2.21451e+24 -2.5556e+24 -3.35882e+22 
-1764.58 -3879.07 -4173.94 -4333.12 -5300.1 -6826.2 -7796.97 -7403.57 -8942.08 -7007.18 -142.691 
-4.03395 -236.322 -46.7449 -227.937 -216.004 -315.094 -281.368 -489.984 -426.25 -390.305 -6.71337 
-0.786767 -41.4854 -8.34053 -40.9293 -38.527 -56.3632 -49.5175 -86.9728 -75.3878 -69.1762 -1.07709 
-6.9641e+33 2.55834e+33 -1.7001e+34 -2.51849e+34 -2.7334e+34 -2.15302e+34 -3.12696e+34 -3.02873e+34 -3.63362e+34 -4.10155e+34 -7.2932e+32 
1.0495e+19 -1.25387e+20 -1.97897e+19 -2.58241e+18 -1.33483e+20 -1.08489e+18 -1.70994e+20 -1.49307e+20 -2.30484e+20 -1.87725e+20 -3.65169e+18 
-3.23539e+10 -1.10533e+11 -2.23138e+11 -6.20889e+10 -2.47108e+11 -2.29811e+11 -3.18856e+11 -2.64202e+11 -4.5358e+11 -3.82822e+11 -6.5288e+09 
-1.41686 -96.9188 -19.2221 -93.9124 -88.9021 -130.113 -116.035 -201.935 -175.25 -160.885 -3.12544 
