37 J_liner_layer
10 20 0.001 1 0.2 0.99 0.001
8.16544e+23 -4.51829e+24 -5.19094e+24 -3.44346e+24 -7.1625e+24 -6.57255e+24 -1.14017e+25 -9.43681e+24 -1.05345e+25 -1.36744e+25 -2.13504e+23 
-44.3347 -114.305 -99.9146 -101.115 -174.507 -133.222 -149.574 -183.747 -153.314 -164.458 -3.35343 
-78.3238 -200 -174.67 -178.487 -307.464 -234.05 -263.61 -323.233 -269.586 -288.293 -5.65756 
-1.41423e+11 -8.66755e+10 -4.61245e+10 -6.46505e+10 -1.85693e+11 -1.4658e+11 -2.66901e+11 -1.63802e+11 -3.19865e+11 -2.22447e+11 -4.6697e+09 
-6.37822e+10 -3.90909e+10 -2.08023e+10 -2.91576e+10 -8.37481e+10 -6.61079e+10 -1.20373e+11 -7.38754e+10 -1.4426e+11 -1.00324e+11 -2.10605e+09 
-92.8554 -237.536 -207.787 -211.335 -365.418 -277.502 -312.796 -383.947 -320.44 -342.621 -7.48766 
-3.17173e+08 -1.61804e+08 -4.44443e+08 -9.85309e+08 -7.53091e+08 -4.80835e+08 -5.1418e+08 -1.15829e+09 -1.03987e+09 -1.78826e+09 -2.36717e+07 
-6.38072e+33 -8.89294e+33 -9.93049e+33 -1.28273e+34 -7.60389e+33 1.4518e+33 -5.72396e+33 -1.12965e+34 -1.46311e+34 -1.81989e+34 -3.09225e+32 
-49.3272 -126.405 -111.117 -112.186 -194.026 -147.578 -166.168 -204.645 -170.17 -182.733 -3.55441 
-4.33746e+07 -2.65834e+07 -1.41464e+07 -1.98284e+07 -5.69522e+07 -4.49561e+07 -8.18588e+07 -5.02384e+07 -9.81028e+07 -6.82247e+07 -1.4322e+06 
-12.6954 -33.7167 -29.0232 -29.5152 -50.9764 -38.5366 -43.4201 -54.0716 -44.7689 -48.2014 -1.29085 
-5.70172 -13.1167 -11.2663 -12.3231 -20.7468 -15.2916 -17.3201 -21.525 -18.4189 -19.2649 -0.898825 
-4.66622e+56 -9.51081e+56 -9.27907e+56 -2.91623e+56 -8.65649e+56 -4.19499e+56 -9.9555e+56 -9.79406e+56 -9.25916e+56 -1.43785e+57 -2.65077e+55 
-8.47834e+35 -1.09961e+36 -3.1722e+35 -1.61651e+36 -6.14328e+35 -1.81927e+36 -1.31058e+36 -2.81663e+36 -2.97388e+36 -2.52606e+36 -4.76228e+34 
-93.9956 -240.58 -210.046 -214.101 -368.635 -280.593 -316.849 -388.273 -324.371 -346.688 -6.82947 
-19.3771 -48.9286 -43.1923 -44.4251 -75.901 -58.0535 -64.6251 -79.7184 -66.3108 -71.0773 -1.30131 
-6.73074e+21 9.52602e+20 -1.97784e+22 -8.60714e+21 -3.51189e+22 -3.58273e+22 -3.7799e+22 -3.38573e+22 -4.62296e+22 -4.02564e+22 -7.36292e+20 
-2.54987e+19 -1.14664e+20 -5.64191e+19 8.41153e+18 -9.80549e+19 -9.17779e+18 -1.79801e+20 -8.11092e+19 -1.94673e+20 -1.52023e+20 -3.158e+18 
-1.05858e+11 -6.48784e+10 -3.45252e+10 -4.83923e+10 -1.38995e+11 -1.09718e+11 -1.99781e+11 -1.2261e+11 -2.39425e+11 -1.66506e+11 -3.49537e+09 
-38.552 -98.8211 -86.6553 -88.3412 -152.035 -116.066 -130.853 -160.253 -133.459 -143.121 -3.17778 
