37 J_liner_layer
10 20 0.001 1 0 -1 1e-05
-0.404872 0.00594362 -0.225013 0.0520463 -0.199253 0.367045 0.201782 -0.0636945 0.655638 0.148734 -0.185092 
0.205 -0.355 -0.219 0.327 0.461 -0.009 0.495 0.442 0.327 -0.064 0.116 
0.0201721 0.0633933 0.628216 0.00451131 0.0328463 0.129742 0.202409 0.464663 0.480302 0.556702 0.441836 
0.0722257 0.254646 0.377807 0.173754 0.500944 0.500766 0.401478 0.169666 -0.0815098 0.544932 -0.0430683 
0.2171 0.323578 -0.00894905 -0.0761878 0.371398 0.268403 -0.117891 0.476834 0.02307 0.568689 0.104868 
0.042221 0.144 0.162192 0.254967 -0.482651 0.352481 0.216744 0.231257 0.0135286 0.263334 -0.251324 
-3.7963 3.78547 -2.8667 3.71058 -3.54707 3.51759 -3.34497 4.08661 -2.72313 3.81074 0.0433181 
-0.0637474 0.280562 0.344908 0.195047 -0.158175 -0.177165 -0.517527 -0.416136 -0.159699 -0.00131583 0.0549472 
0.201086 0.195668 -0.253238 0.559098 0.386591 0.586599 0.615648 0.0550014 0.618505 0.114117 0.301579 
0.465507 0.0133882 0.228261 -0.0502481 0.202082 0.172476 -0.152735 -0.213643 0.622711 0.341266 -0.192355 
0.497882 -0.29513 0.353703 0.350311 0.430666 0.979617 0.830558 -0.00861428 0.662301 0.0459263 -0.270867 
-4.16573 2.96309 -3.9652 3.04693 -3.69824 3.36942 -3.52982 2.60042 -3.73352 3.14446 -0.457701 
0.58047 -0.177621 -0.221751 0.238577 0.0251819 0.445828 0.4473 0.30899 -0.112419 -0.121103 0.350787 
-0.160585 -0.357778 0.427972 0.215555 0.449357 -0.0964416 -0.395099 -0.318203 -0.515595 -0.159607 0.108764 
-0.0544174 -0.082195 0.386812 0.0383443 0.503667 0.534724 -0.109069 0.456233 -0.00088624 0.358974 0.493985 
-0.0694816 0.440908 0.115554 -0.353824 0.0361471 -0.160369 0.46751 0.239393 0.423946 0.333423 0.205259 
3.60712 -3.9675 3.92519 -3.24675 3.82993 -3.52522 3.83487 -3.70762 3.77167 -3.31852 -0.256662 
-0.211704 0.312896 -0.143359 -0.480746 0.0607738 -0.482507 -0.183114 -0.327968 0.112993 -0.0624811 -0.0158997 
-0.201916 0.503338 0.0430531 0.678645 0.415192 0.786207 0.862013 0.856042 0.660094 0.562573 -0.39248 
0.377447 0.408798 0.370973 0.154044 0.517974 0.224292 0.131113 0.346254 0.60982 0.343336 -0.151727 
